25.060000
25.060000
25.060000
25.060000
25.060000
25.060000
25.060000
25.060000
25.060000
25.060000
25.060000
25.060000
25.060000
25.060000
25.060000
25.060000
25.060000
25.060000
25.060000
25.060000
25.060000
25.060000
25.060000
25.060000
25.060000
25.060000
25.060000
25.060000
26.060000
26.060000
26.060000
26.060000
26.060000
26.060000
26.060000
26.060000
26.060000
26.060000
26.060000
26.060000
26.060000
26.060000
26.060000
26.060000
26.060000
26.060000
26.060000
26.060000
26.060000
26.060000
26.060000
26.060000
26.060000
26.060000
26.060000
26.060000
26.060000
27.060000
27.060000
27.060000
27.060000
27.060000
27.060000
27.060000
27.060000
27.060000
27.060000
27.060000
27.060000
27.060000
27.060000
27.060000
27.060000
27.060000
27.060000
27.060000
27.060000
27.060000
27.060000
27.060000
27.060000
27.060000
27.060000
27.060000
27.060000
28.060000
28.060000
28.060000
28.060000
28.060000
28.060000
28.060000
28.060000
28.060000
28.060000
28.060000
28.060000
28.060000
28.060000
28.060000
28.060000
28.060000
28.060000
28.060000
28.060000
28.060000
28.060000
28.060000
28.060000
28.060000
28.060000
28.060000
29.060000
29.060000
29.060000
29.060000
29.060000
29.060000
29.060000
29.060000
29.060000
29.060000
29.060000
29.060000
29.060000
29.060000
29.060000
29.060000
29.060000
29.060000
29.060000
29.060000
29.060000
29.060000
29.060000
29.060000
29.060000
29.060000
29.060000
30.060000
30.060000
30.060000
30.060000
30.060000
30.060000
30.060000
30.060000
30.060000
30.060000
30.060000
30.060000
30.060000
30.060000
30.060000
30.060000
30.060000
30.060000
30.060000
30.060000
30.060000
30.060000
30.060000
30.060000
30.060000
30.060000
30.060000
31.060000
31.060000
31.060000
31.060000
31.060000
31.060000
31.060000
31.060000
31.060000
31.060000
31.060000
31.060000
31.060000
31.060000
31.060000
31.060000
31.060000
31.060000
31.060000
31.060000
31.060000
31.060000
31.060000
31.060000
31.060000
32.060000
32.060000
32.060000
32.060000
32.060000
32.060000
32.060000
32.060000
32.060000
32.060000
32.060000
32.060000
32.060000
32.060000
32.060000
32.060000
32.060000
32.060000
32.060000
32.060000
32.060000
32.060000
32.060000
32.060000
33.060000
33.060000
33.060000
33.060000
33.060000
33.060000
33.060000
33.060000
33.060000
33.060000
33.060000
33.060000
33.060000
33.060000
33.060000
33.060000
33.060000
33.060000
33.060000
33.060000
33.060000
33.060000
33.060000
34.060000
34.060000
34.060000
34.060000
34.060000
34.060000
34.060000
34.060000
34.060000
34.060000
34.060000
34.060000
34.060000
34.060000
34.060000
34.060000
34.060000
34.060000
34.060000
34.060000
34.060000
34.060000
35.060000
35.060000
35.060000
35.060000
35.060000
35.060000
35.060000
35.060000
35.060000
35.060000
35.060000
35.060000
35.060000
35.060000
35.060000
35.060000
35.060000
35.060000
35.060000
35.060000
36.060000
36.060000
36.060000
36.060000
36.060000
36.060000
36.060000
36.060000
36.060000
36.060000
36.060000
36.060000
36.060000
36.060000
36.060000
36.060000
36.060000
36.060000
36.060000
37.060000
37.060000
37.060000
37.060000
37.060000
37.060000
37.060000
37.060000
37.060000
37.060000
37.060000
37.060000
37.060000
37.060000
37.060000
37.060000
37.060000
37.060000
38.060000
38.060000
38.060000
38.060000
38.060000
38.060000
38.060000
38.060000
38.060000
38.060000
38.060000
38.060000
38.060000
38.060000
38.060000
38.060000
38.060000
38.060000
39.060000
39.060000
39.060000
39.060000
39.060000
39.060000
39.060000
39.060000
39.060000
39.060000
39.060000
39.060000
39.060000
39.060000
39.060000
39.060000
39.060000
40.060000
40.060000
40.060000
40.060000
40.060000
40.060000
40.060000
40.060000
40.060000
40.060000
40.060000
40.060000
40.060000
40.060000
40.060000
40.060000
41.060000
41.060000
41.060000
41.060000
41.060000
41.060000
41.060000
41.060000
41.060000
41.060000
41.060000
41.060000
41.060000
41.060000
41.060000
41.060000
42.060000
42.060000
42.060000
42.060000
42.060000
42.060000
42.060000
42.060000
42.060000
42.060000
42.060000
42.060000
42.060000
42.060000
42.060000
42.060000
43.060000
43.060000
43.060000
43.060000
43.060000
43.060000
43.060000
43.060000
43.060000
43.060000
43.060000
43.060000
43.060000
43.060000
43.060000
43.060000
44.060000
44.060000
44.060000
44.060000
44.060000
44.060000
44.060000
44.060000
44.060000
44.060000
44.060000
44.060000
44.060000
44.060000
44.060000
44.060000
45.060000
45.060000
45.060000
45.060000
45.060000
45.060000
45.060000
45.060000
45.060000
45.060000
45.060000
45.060000
45.060000
45.060000
45.060000
45.060000
45.060000
46.060000
46.060000
46.060000
46.060000
46.060000
46.060000
46.060000
46.060000
46.060000
46.060000
46.060000
46.060000
46.060000
46.060000
46.060000
46.060000
46.060000
