-139.940000
-138.940000
-137.940000
-136.940000
-135.940000
-134.940000
-133.940000
-132.940000
-131.940000
-130.940000
-129.940000
-128.940000
-127.940000
-126.940000
-125.940000
-124.940000
-123.940000
-122.940000
-121.940000
-120.940000
-119.940000
-118.940000
-117.940000
-116.940000
-115.940000
-114.940000
-113.940000
-112.940000
-139.940000
-138.940000
-137.940000
-136.940000
-135.940000
-134.940000
-133.940000
-132.940000
-131.940000
-130.940000
-129.940000
-128.940000
-127.940000
-126.940000
-125.940000
-124.940000
-123.940000
-122.940000
-121.940000
-120.940000
-119.940000
-118.940000
-117.940000
-116.940000
-115.940000
-114.940000
-113.940000
-112.940000
-110.940000
-139.940000
-138.940000
-137.940000
-136.940000
-135.940000
-134.940000
-133.940000
-132.940000
-131.940000
-130.940000
-129.940000
-128.940000
-127.940000
-126.940000
-125.940000
-124.940000
-123.940000
-122.940000
-121.940000
-120.940000
-119.940000
-118.940000
-117.940000
-116.940000
-115.940000
-114.940000
-111.940000
-110.940000
-139.940000
-138.940000
-137.940000
-136.940000
-135.940000
-134.940000
-133.940000
-132.940000
-131.940000
-130.940000
-129.940000
-128.940000
-127.940000
-126.940000
-125.940000
-124.940000
-123.940000
-122.940000
-121.940000
-120.940000
-119.940000
-118.940000
-117.940000
-116.940000
-115.940000
-114.940000
-111.940000
-139.940000
-138.940000
-137.940000
-136.940000
-135.940000
-134.940000
-133.940000
-132.940000
-131.940000
-130.940000
-129.940000
-128.940000
-127.940000
-126.940000
-125.940000
-124.940000
-123.940000
-122.940000
-121.940000
-120.940000
-119.940000
-118.940000
-117.940000
-116.940000
-115.940000
-114.940000
-112.940000
-139.940000
-138.940000
-137.940000
-136.940000
-135.940000
-134.940000
-133.940000
-132.940000
-131.940000
-130.940000
-129.940000
-128.940000
-127.940000
-126.940000
-125.940000
-124.940000
-123.940000
-122.940000
-121.940000
-120.940000
-119.940000
-118.940000
-117.940000
-116.940000
-115.940000
-113.940000
-112.940000
-139.940000
-138.940000
-137.940000
-136.940000
-135.940000
-134.940000
-133.940000
-132.940000
-131.940000
-130.940000
-129.940000
-128.940000
-127.940000
-126.940000
-125.940000
-124.940000
-123.940000
-122.940000
-121.940000
-120.940000
-119.940000
-118.940000
-117.940000
-116.940000
-113.940000
-139.940000
-138.940000
-137.940000
-136.940000
-135.940000
-134.940000
-133.940000
-132.940000
-131.940000
-130.940000
-129.940000
-128.940000
-127.940000
-126.940000
-125.940000
-124.940000
-123.940000
-122.940000
-121.940000
-120.940000
-119.940000
-118.940000
-117.940000
-116.940000
-139.940000
-138.940000
-137.940000
-136.940000
-135.940000
-134.940000
-133.940000
-132.940000
-131.940000
-130.940000
-129.940000
-128.940000
-127.940000
-126.940000
-125.940000
-124.940000
-123.940000
-122.940000
-121.940000
-120.940000
-119.940000
-118.940000
-117.940000
-139.940000
-138.940000
-137.940000
-136.940000
-135.940000
-134.940000
-133.940000
-132.940000
-131.940000
-130.940000
-129.940000
-128.940000
-127.940000
-126.940000
-125.940000
-124.940000
-123.940000
-122.940000
-121.940000
-120.940000
-119.940000
-118.940000
-139.940000
-138.940000
-137.940000
-136.940000
-135.940000
-134.940000
-133.940000
-132.940000
-131.940000
-130.940000
-129.940000
-128.940000
-127.940000
-126.940000
-125.940000
-124.940000
-123.940000
-122.940000
-121.940000
-120.940000
-139.940000
-138.940000
-137.940000
-136.940000
-135.940000
-134.940000
-133.940000
-132.940000
-131.940000
-130.940000
-129.940000
-128.940000
-127.940000
-126.940000
-125.940000
-124.940000
-123.940000
-122.940000
-121.940000
-139.940000
-138.940000
-137.940000
-136.940000
-135.940000
-134.940000
-133.940000
-132.940000
-131.940000
-130.940000
-129.940000
-128.940000
-127.940000
-126.940000
-125.940000
-124.940000
-123.940000
-122.940000
-139.940000
-138.940000
-137.940000
-136.940000
-135.940000
-134.940000
-133.940000
-132.940000
-131.940000
-130.940000
-129.940000
-128.940000
-127.940000
-126.940000
-125.940000
-124.940000
-123.940000
-122.940000
-139.940000
-138.940000
-137.940000
-136.940000
-135.940000
-134.940000
-133.940000
-132.940000
-131.940000
-130.940000
-129.940000
-128.940000
-127.940000
-126.940000
-125.940000
-124.940000
-123.940000
-139.940000
-138.940000
-137.940000
-136.940000
-135.940000
-134.940000
-133.940000
-132.940000
-131.940000
-130.940000
-129.940000
-128.940000
-127.940000
-126.940000
-125.940000
-124.940000
-139.940000
-138.940000
-137.940000
-136.940000
-135.940000
-134.940000
-133.940000
-132.940000
-131.940000
-130.940000
-129.940000
-128.940000
-127.940000
-126.940000
-125.940000
-124.940000
-139.940000
-138.940000
-137.940000
-136.940000
-135.940000
-134.940000
-133.940000
-132.940000
-131.940000
-130.940000
-129.940000
-128.940000
-127.940000
-126.940000
-125.940000
-124.940000
-139.940000
-138.940000
-137.940000
-136.940000
-135.940000
-134.940000
-133.940000
-132.940000
-131.940000
-130.940000
-129.940000
-128.940000
-127.940000
-126.940000
-125.940000
-124.940000
-139.940000
-138.940000
-137.940000
-136.940000
-135.940000
-134.940000
-133.940000
-132.940000
-131.940000
-130.940000
-129.940000
-128.940000
-127.940000
-126.940000
-125.940000
-124.940000
-139.940000
-138.940000
-137.940000
-136.940000
-135.940000
-134.940000
-133.940000
-132.940000
-131.940000
-130.940000
-129.940000
-128.940000
-127.940000
-126.940000
-125.940000
-124.940000
-123.940000
-139.940000
-138.940000
-137.940000
-136.940000
-135.940000
-134.940000
-133.940000
-132.940000
-131.940000
-130.940000
-129.940000
-128.940000
-127.940000
-126.940000
-125.940000
-124.940000
-123.940000
